[gd_scene format=3 uid="uid://bhi1t6u1an4fw"]

[ext_resource type="PackedScene" uid="uid://c5c7itgdjt5j5" path="res://assets/3D/Furniture Kit/furniture-kit-tileables.blend" id="1_vna8h"]

[sub_resource type="Gradient" id="Gradient_vna8h"]
offsets = PackedFloat32Array(0.117647, 1)
colors = PackedColorArray(0.0277098, 0.0773411, 0.103768, 1, 1, 0.939093, 0.819838, 1)

[sub_resource type="GradientTexture1D" id="GradientTexture1D_mdpnd"]
gradient = SubResource("Gradient_vna8h")
width = 512

[sub_resource type="PhysicalSkyMaterial" id="PhysicalSkyMaterial_aoe0l"]
rayleigh_coefficient = 1.0
rayleigh_color = Color(0.77368456, 0.85677356, 1, 1)
mie_color = Color(0.8403034, 0.94551045, 0.99741834, 1)

[sub_resource type="Sky" id="Sky_mdpnd"]
sky_material = SubResource("PhysicalSkyMaterial_aoe0l")
process_mode = 3

[sub_resource type="Environment" id="Environment_u8mvo"]
background_mode = 2
background_energy_multiplier = 0.2
sky = SubResource("Sky_mdpnd")
tonemap_mode = 3
ssao_enabled = true
ssao_radius = 0.6
ssao_intensity = 1.87
adjustment_enabled = true
adjustment_saturation = 1.2
adjustment_color_correction = SubResource("GradientTexture1D_mdpnd")

[node name="furniture-kit-tileables" unique_id=1663233570 instance=ExtResource("1_vna8h")]

[node name="wall(Clone)" parent="." index="42" unique_id=479677604]
transform = Transform3D(1, 0, 0, 0, 1, 0, 0, 0, 1, -3.5512486, 0, 0)

[node name="wallCorner(Clone)" parent="." index="43" unique_id=2000816738]
transform = Transform3D(1, 0, 0, 0, 1, 0, 0, 0, 1, -1.6685579, 0, -1.4497938)

[node name="wallCornerRond(Clone)" parent="." index="44" unique_id=224331297]
transform = Transform3D(1, 0, 0, 0, 1, 0, 0, 0, 1, -0.40924078, 0, 0.011640072)

[node name="wallDoorway(Clone)" parent="." index="45" unique_id=867578386]
transform = Transform3D(1, 0, 0, 0, 1, 0, 0, 0, 1, -1.4690115, 0, 0)

[node name="wallDoorwayWide(Clone)" parent="." index="46" unique_id=443463082]
transform = Transform3D(1, 0, 0, 0, 1, 0, 0, 0, 1, -5.6936383, 0, 0)

[node name="wallHalf(Clone)" parent="." index="47" unique_id=2084251967]
transform = Transform3D(1, 0, 0, 0, 1, 0, 0, 0, 1, -2.8321579, 0, -1.5695329)

[node name="wallWindow(Clone)" parent="." index="48" unique_id=1845035046]
transform = Transform3D(1, 0, 0, 0, 1, 0, 0, 0, 1, -4.6324244, 0, 0)

[node name="wallWindowSlide(Clone)" parent="." index="49" unique_id=1165573998]
transform = Transform3D(1, 0, 0, 0, 1, 0, 0, 0, 1, -2.459903, 0, 0)

[node name="Environment" type="Node3D" parent="." index="50" unique_id=1506924180]
transform = Transform3D(-0.30697456, 0, 0.95171773, 0, 1, 0, -0.95171773, 0, -0.30697456, 0, 0, 0)

[node name="WorldEnvironment" type="WorldEnvironment" parent="Environment" index="0" unique_id=1256660665]
environment = SubResource("Environment_u8mvo")

[node name="sky" type="DirectionalLight3D" parent="Environment" index="1" unique_id=290614575]
transform = Transform3D(-0.965926, 0.197685, 0.167057, 0, -0.645458, 0.763796, 0.258819, 0.73777, 0.623464, 0, 2, 0)
light_energy = 2.289
sky_mode = 2

[node name="Sun" type="DirectionalLight3D" parent="Environment" index="2" unique_id=152002573]
transform = Transform3D(0.9800221, -0.17101489, -0.10154128, 5.887901e-09, -0.5105431, 0.85985214, -0.1988887, -0.84267396, -0.5003437, 0, 2, 0)
light_color = Color(1, 0.94902, 0.827451, 1)
light_energy = 0.5
shadow_enabled = true
shadow_normal_bias = 1.0
shadow_opacity = 0.79
shadow_blur = 3.0
directional_shadow_blend_splits = true
directional_shadow_max_distance = 30.0
sky_mode = 1
